,玩家名称,玩家编号,总突击伤害,泰坦编号,泰坦名称,泰坦伤害,头部(装甲),身体(装甲),左臂(装甲),右臂(装甲),左手(装甲),右手(装甲),左腿(装甲),右腿(装甲),头部(肉体),身体(肉体),左臂(肉体),右臂(肉体),左手(肉体),右手(肉体),左腿(肉体),右腿(肉体),头部(骨架),身体(骨架),左臂(骨架),右臂(骨架),左手(骨架),右手(骨架),左腿(骨架),右腿(骨架),timestamp
0,⑨鱼,xnxdx22,20,0,Jukk,18284092,0,13979,0,0,0,0,0,0,7593900,0,300251,1137626,0,874581,4606352,3757401,0,0,0,0,0,0,0,0,2021-02-24
1,⑨鱼,xnxdx22,20,1,Takedar,4632096,0,0,0,0,0,0,0,0,0,4632096,0,0,0,0,0,0,0,0,0,0,0,0,0,0,2021-02-24
2,⑨鱼,xnxdx22,20,2,Terro,15034957,0,10654557,846307,0,778198,1588988,692105,474799,0,0,0,0,0,0,0,0,0,0,0,0,0,0,0,0,2021-02-24
3,⑨鱼,xnxdx22,20,3,Jukk,18893498,0,14502,0,0,0,0,0,0,11732891,0,698128,855384,527637,515337,3999452,550162,0,0,0,0,0,0,0,0,2021-02-24
4,⑨鱼,xnxdx22,20,4,Jukk,0,0,0,0,0,0,0,0,0,0,0,0,0,0,0,0,0,0,0,0,0,0,0,0,0,2021-02-24
5,⑨鱼,xnxdx22,20,5,Takedar,18940933,0,0,0,0,0,0,0,0,1320569,14640994,336850,720189,0,763939,662705,495684,0,0,0,0,0,0,0,0,2021-02-24
6,⑨鱼,xnxdx22,20,6,Takedar,15338860,0,0,0,0,0,0,0,0,11728364,764658,370732,827941,0,521490,563062,562610,0,0,0,0,0,0,0,0,2021-02-24
7,⑨鱼,xnxdx22,20,7,Jukk,3556710,0,0,0,0,0,0,0,0,0,0,0,0,0,0,3556710,0,0,0,0,0,0,0,0,0,2021-02-24
8,wh,ng64n3n,20,0,Jukk,0,0,0,0,0,0,0,0,0,0,0,0,0,0,0,0,0,0,0,0,0,0,0,0,0,2021-02-24
9,wh,ng64n3n,20,1,Takedar,16325661,1129342,712779,1278530,3570018,616667,1128964,6970444,918913,0,0,0,0,0,0,0,0,0,0,0,0,0,0,0,0,2021-02-24
10,wh,ng64n3n,20,2,Terro,15338679,0,417143,0,0,132442,0,0,0,0,6395281,1397783,0,1213625,0,1072497,4709904,0,0,0,0,0,0,0,0,2021-02-24
11,wh,ng64n3n,20,3,Jukk,0,0,0,0,0,0,0,0,0,0,0,0,0,0,0,0,0,0,0,0,0,0,0,0,0,2021-02-24
12,wh,ng64n3n,20,4,Jukk,16673311,0,733,0,0,0,0,4857905,0,902299,0,1436912,1324745,965185,1073136,4782314,1330077,0,0,0,0,0,0,0,0,2021-02-24
13,wh,ng64n3n,20,5,Takedar,16962943,1860747,469444,0,3172367,0,0,0,0,5278251,773186,997678,941569,372374,1197146,1220110,679640,0,0,0,0,424,0,0,0,2021-02-24
14,wh,ng64n3n,20,6,Takedar,0,0,0,0,0,0,0,0,0,0,0,0,0,0,0,0,0,0,0,0,0,0,0,0,0,2021-02-24
15,wh,ng64n3n,20,7,Jukk,16674668,0,2747,0,0,0,0,0,0,6601252,0,1885186,2026468,1500785,1341276,1187745,2129205,0,0,0,0,0,0,0,0,2021-02-24
16,OSTO,e25yde7,20,0,Jukk,762686,0,0,0,0,0,0,0,0,0,0,0,0,0,0,0,762686,0,0,0,0,0,0,0,0,2021-02-24
17,OSTO,e25yde7,20,1,Takedar,28262455,6267185,1739178,1260522,331468,1076117,520310,1114968,2797179,5871519,5970000,868323,0,0,445496,0,0,0,0,0,30,153,0,0,0,2021-02-24
18,OSTO,e25yde7,20,2,Terro,0,0,0,0,0,0,0,0,0,0,0,0,0,0,0,0,0,0,0,0,0,0,0,0,0,2021-02-24
19,OSTO,e25yde7,20,3,Jukk,0,0,0,0,0,0,0,0,0,0,0,0,0,0,0,0,0,0,0,0,0,0,0,0,0,2021-02-24
20,OSTO,e25yde7,20,4,Jukk,14317219,0,62311,5321200,2267192,725724,0,3944520,0,540516,0,547644,18467,20268,304558,0,564812,0,0,0,0,0,0,0,0,2021-02-24
21,OSTO,e25yde7,20,5,Takedar,15099600,6261360,3936331,418781,1258257,0,1335411,569951,1296160,0,0,0,0,23346,0,0,0,0,0,0,0,0,0,0,0,2021-02-24
22,OSTO,e25yde7,20,6,Takedar,0,0,0,0,0,0,0,0,0,0,0,0,0,0,0,0,0,0,0,0,0,0,0,0,0,2021-02-24
23,OSTO,e25yde7,20,7,Jukk,13986191,548895,5218,493991,499729,501920,417408,3893502,5349844,0,0,0,0,0,0,0,2275680,0,0,0,0,0,0,0,0,2021-02-24
24,舞醉剑,rq79w8n,20,0,Jukk,14975429,2771720,0,0,0,678643,0,4143433,6080659,0,0,505181,415838,0,379952,0,0,0,0,0,0,0,0,0,0,2021-02-24
25,舞醉剑,rq79w8n,20,1,Takedar,0,0,0,0,0,0,0,0,0,0,0,0,0,0,0,0,0,0,0,0,0,0,0,0,0,2021-02-24
26,舞醉剑,rq79w8n,20,2,Terro,13534847,0,0,0,0,0,0,0,0,0,7749583,2050887,0,2531490,0,542504,658421,0,0,1960,0,0,0,0,0,2021-02-24
27,舞醉剑,rq79w8n,20,3,Jukk,0,0,0,0,0,0,0,0,0,0,0,0,0,0,0,0,0,0,0,0,0,0,0,0,0,2021-02-24
28,舞醉剑,rq79w8n,20,4,Jukk,14174457,2726432,0,540770,3569311,615602,902297,402266,0,0,0,0,0,0,4897388,0,520389,0,0,0,0,0,0,0,0,2021-02-24
29,舞醉剑,rq79w8n,20,5,Takedar,14314350,0,0,0,0,0,0,0,0,9148559,3684546,140665,148643,0,138985,501367,551583,0,0,0,0,0,0,0,0,2021-02-24
30,舞醉剑,rq79w8n,20,6,Takedar,0,0,0,0,0,0,0,0,0,0,0,0,0,0,0,0,0,0,0,0,0,0,0,0,0,2021-02-24
31,舞醉剑,rq79w8n,20,7,Jukk,14177236,0,243,0,0,0,0,0,0,2756533,0,411026,480489,5661863,3924122,471132,471824,0,0,0,0,0,0,0,0,2021-02-24
32,剑圣二次污染,523dqmp,20,0,Jukk,13360289,480648,28461,0,0,2016196,0,622532,3111461,2593423,0,672847,583611,2658346,592759,0,0,0,0,0,0,0,0,0,0,2021-02-24
33,剑圣二次污染,523dqmp,20,1,Takedar,0,0,0,0,0,0,0,0,0,0,0,0,0,0,0,0,0,0,0,0,0,0,0,0,0,2021-02-24
34,剑圣二次污染,523dqmp,20,2,Terro,12492127,0,0,0,0,0,0,0,0,0,5302882,0,0,0,0,4130896,3058348,0,0,0,0,0,0,0,0,2021-02-24
35,剑圣二次污染,523dqmp,20,3,Jukk,10914346,0,55198,0,0,0,0,0,0,653769,0,642050,0,730287,0,5008626,3824414,0,0,0,0,0,0,0,0,2021-02-24
36,剑圣二次污染,523dqmp,20,4,Jukk,2612978,2612978,0,0,0,0,0,0,0,0,0,0,0,0,0,0,0,0,0,0,0,0,0,0,0,2021-02-24
37,剑圣二次污染,523dqmp,20,5,Takedar,0,0,0,0,0,0,0,0,0,0,0,0,0,0,0,0,0,0,0,0,0,0,0,0,0,2021-02-24
38,剑圣二次污染,523dqmp,20,6,Takedar,26532310,432545,2943610,81741,417822,0,4113135,451685,3006180,3605665,3373057,598141,495980,449157,5316620,696993,549974,0,0,0,0,0,0,0,0,2021-02-24
39,剑圣二次污染,523dqmp,20,7,Jukk,0,0,0,0,0,0,0,0,0,0,0,0,0,0,0,0,0,0,0,0,0,0,0,0,0,2021-02-24
40,Alex,p7qkn7y,20,0,Jukk,12921593,0,3600,0,0,0,0,0,0,841766,0,0,3111748,0,860419,6481633,1622425,0,0,0,0,0,0,0,0,2021-02-24
41,Alex,p7qkn7y,20,1,Takedar,0,0,0,0,0,0,0,0,0,0,0,0,0,0,0,0,0,0,0,0,0,0,0,0,0,2021-02-24
42,Alex,p7qkn7y,20,2,Terro,12158281,2423,0,0,0,0,0,0,0,0,9882028,848819,0,312633,0,288795,823581,0,0,0,0,0,0,0,0,2021-02-24
43,Alex,p7qkn7y,20,3,Jukk,0,0,0,0,0,0,0,0,0,0,0,0,0,0,0,0,0,0,0,0,0,0,0,0,0,2021-02-24
44,Alex,p7qkn7y,20,4,Jukk,13131345,0,32424,0,0,0,0,0,0,795430,0,4985483,714345,400376,481063,3246951,2475270,0,0,0,0,0,0,0,0,2021-02-24
45,Alex,p7qkn7y,20,5,Takedar,6095722,0,0,0,0,0,0,0,0,1237146,2248423,10899,0,0,0,2596838,0,0,0,0,0,0,0,2414,0,2021-02-24
46,Alex,p7qkn7y,20,6,Takedar,6142782,3585064,858382,524839,212918,129710,347348,281940,202575,0,0,0,0,0,0,0,0,0,0,0,0,0,0,0,0,2021-02-24
47,Alex,p7qkn7y,20,7,Jukk,12773420,4948698,60601,496244,264469,679830,571770,3234117,2517687,0,0,0,0,0,0,0,0,0,0,0,0,0,0,0,0,2021-02-24
48,yycxx,b65mrx8,20,0,Jukk,12641925,1104824,2309337,730648,1166028,662311,5721985,493946,452843,0,0,0,0,0,0,0,0,0,0,0,0,0,0,0,0,2021-02-24
49,yycxx,b65mrx8,20,1,Takedar,0,0,0,0,0,0,0,0,0,0,0,0,0,0,0,0,0,0,0,0,0,0,0,0,0,2021-02-24
50,yycxx,b65mrx8,20,2,Terro,9553331,0,0,0,0,0,0,0,0,0,2336391,0,0,0,0,2305448,4911210,0,0,0,0,0,0,281,0,2021-02-24
51,yycxx,b65mrx8,20,3,Jukk,16252308,783879,67791,412827,0,310766,470154,397968,249506,3624279,0,551712,2098727,669396,875243,876655,4863229,0,0,0,56,0,112,0,0,2021-02-24
52,yycxx,b65mrx8,20,4,Jukk,0,0,0,0,0,0,0,0,0,0,0,0,0,0,0,0,0,0,0,0,0,0,0,0,0,2021-02-24
53,yycxx,b65mrx8,20,5,Takedar,0,0,0,0,0,0,0,0,0,0,0,0,0,0,0,0,0,0,0,0,0,0,0,0,0,2021-02-24
54,yycxx,b65mrx8,20,6,Takedar,22201572,768787,991351,903083,583113,4671965,830282,3038615,329481,3090894,5467249,446520,601058,0,0,477316,0,0,0,1852,0,0,0,0,0,2021-02-24
55,yycxx,b65mrx8,20,7,Jukk,1992745,467269,25385,302953,341358,310220,203420,187722,154414,0,0,0,0,0,0,0,0,0,0,0,0,0,0,0,0,2021-02-24
56,*･'(*ﾟ▽ﾟ*)'･*,32d47b9,20,0,Jukk,11727407,1918768,25654,6447757,0,1017901,472885,820058,302020,0,0,0,722362,0,0,0,0,0,0,0,0,0,0,0,0,2021-02-24
57,*･'(*ﾟ▽ﾟ*)'･*,32d47b9,20,1,Takedar,0,0,0,0,0,0,0,0,0,0,0,0,0,0,0,0,0,0,0,0,0,0,0,0,0,2021-02-24
58,*･'(*ﾟ▽ﾟ*)'･*,32d47b9,20,2,Terro,0,0,0,0,0,0,0,0,0,0,0,0,0,0,0,0,0,0,0,0,0,0,0,0,0,2021-02-24
59,*･'(*ﾟ▽ﾟ*)'･*,32d47b9,20,3,Jukk,23398411,1955372,84153,2564567,5168872,1087475,331372,504226,386093,6232180,0,658852,580193,1271030,340440,1881656,351923,0,0,0,0,0,0,0,0,2021-02-24
60,*･'(*ﾟ▽ﾟ*)'･*,32d47b9,20,4,Jukk,0,0,0,0,0,0,0,0,0,0,0,0,0,0,0,0,0,0,0,0,0,0,0,0,0,2021-02-24
61,*･'(*ﾟ▽ﾟ*)'･*,32d47b9,20,5,Takedar,0,0,0,0,0,0,0,0,0,0,0,0,0,0,0,0,0,0,0,0,0,0,0,0,0,2021-02-24
62,*･'(*ﾟ▽ﾟ*)'･*,32d47b9,20,6,Takedar,23679072,2314665,546817,4744231,1993120,0,1294330,397060,341560,6594561,1886159,462106,595798,185512,544454,503701,1274599,0,0,0,0,392,0,0,0,2021-02-24
63,*･'(*ﾟ▽ﾟ*)'･*,32d47b9,20,7,Jukk,0,0,0,0,0,0,0,0,0,0,0,0,0,0,0,0,0,0,0,0,0,0,0,0,0,2021-02-24
64,渡红尘,5288gen,20,0,Jukk,8931696,0,0,0,0,0,0,0,0,6680296,0,0,7873,0,2243525,0,0,0,0,0,0,0,0,0,0,2021-02-24
65,渡红尘,5288gen,20,1,Takedar,2704204,0,2704204,0,0,0,0,0,0,0,0,0,0,0,0,0,0,0,0,0,0,0,0,0,0,2021-02-24
66,渡红尘,5288gen,20,2,Terro,9121853,0,0,0,0,0,0,0,0,0,9121853,0,0,0,0,0,0,0,0,0,0,0,0,0,0,2021-02-24
67,渡红尘,5288gen,20,3,Jukk,2493551,0,0,0,1578,0,2491973,0,0,0,0,0,0,0,0,0,0,0,0,0,0,0,0,0,0,2021-02-24
68,渡红尘,5288gen,20,4,Jukk,12304173,6828999,0,0,597,0,5474576,0,0,0,0,0,0,0,0,0,0,0,0,0,0,0,0,0,0,2021-02-24
69,渡红尘,5288gen,20,5,Takedar,11584691,6399951,5184739,0,0,0,0,0,0,0,0,0,0,0,0,0,0,0,0,0,0,0,0,0,0,2021-02-24
70,渡红尘,5288gen,20,6,Takedar,11078388,0,0,0,0,0,0,0,0,6167394,4910994,0,0,0,0,0,0,0,0,0,0,0,0,0,0,2021-02-24
71,渡红尘,5288gen,20,7,Jukk,0,0,0,0,0,0,0,0,0,0,0,0,0,0,0,0,0,0,0,0,0,0,0,0,0,2021-02-24
72,Jasbling,6567qp8,20,0,Jukk,8741341,4066869,13771,0,0,352871,0,2520299,341241,0,0,469085,574511,0,402691,0,0,0,0,0,0,0,0,0,0,2021-02-24
73,Jasbling,6567qp8,20,1,Takedar,8208734,246641,277637,267867,350000,196410,323190,249160,267757,896404,5133665,0,0,0,0,0,0,0,0,0,0,0,0,0,0,2021-02-24
74,Jasbling,6567qp8,20,2,Terro,4809311,0,818326,295382,0,247698,0,1333778,1305067,0,0,0,0,0,809058,0,0,0,0,0,0,0,0,0,0,2021-02-24
75,Jasbling,6567qp8,20,3,Jukk,10875967,0,3527,0,0,0,0,0,0,4402284,0,809461,846858,466706,583475,3010346,753308,0,0,0,0,0,0,0,0,2021-02-24
76,Jasbling,6567qp8,20,4,Jukk,0,0,0,0,0,0,0,0,0,0,0,0,0,0,0,0,0,0,0,0,0,0,0,0,0,2021-02-24
77,Jasbling,6567qp8,20,5,Takedar,11109667,4080313,506169,0,259951,0,0,1345907,0,251353,313053,665508,434099,250330,702655,1650570,649752,0,0,0,0,0,0,0,0,2021-02-24
78,Jasbling,6567qp8,20,6,Takedar,0,0,0,0,0,0,0,0,0,0,0,0,0,0,0,0,0,0,0,0,0,0,0,0,0,2021-02-24
79,Jasbling,6567qp8,20,7,Jukk,10872794,4400083,24823,694293,656393,510035,704385,3239790,642988,0,0,0,0,0,0,0,0,0,0,0,0,0,0,0,0,2021-02-24
80,幸运超人,y9dge4n,19,0,Jukk,12538115,6992341,0,0,0,2349930,0,0,0,0,0,3195844,0,0,0,0,0,0,0,0,0,0,0,0,0,2021-02-24
81,幸运超人,y9dge4n,19,1,Takedar,0,0,0,0,0,0,0,0,0,0,0,0,0,0,0,0,0,0,0,0,0,0,0,0,0,2021-02-24
82,幸运超人,y9dge4n,19,2,Terro,9233137,0,0,0,0,0,0,0,0,0,37950,0,0,0,0,3900305,5294881,0,0,0,0,0,0,0,0,2021-02-24
83,幸运超人,y9dge4n,19,3,Jukk,2391060,2391060,0,0,0,0,0,0,0,0,0,0,0,0,0,0,0,0,0,0,0,0,0,0,0,2021-02-24
84,幸运超人,y9dge4n,19,4,Jukk,6403665,0,940,0,0,0,0,0,0,1292000,0,1657704,134895,2606789,232640,214870,250240,9698,0,3650,205,0,29,0,0,2021-02-24
85,幸运超人,y9dge4n,19,5,Takedar,0,0,0,0,0,0,0,0,0,0,0,0,0,0,0,0,0,0,0,0,0,0,0,0,0,2021-02-24
86,幸运超人,y9dge4n,19,6,Takedar,23963696,3492449,0,0,2242116,0,0,0,0,10405731,4712874,0,2794,0,34784,0,3072945,0,0,0,0,0,0,0,0,2021-02-24
87,幸运超人,y9dge4n,19,7,Jukk,0,0,0,0,0,0,0,0,0,0,0,0,0,0,0,0,0,0,0,0,0,0,0,0,0,2021-02-24
88,三千剑气开天门,mng2634,18,0,Jukk,0,0,0,0,0,0,0,0,0,0,0,0,0,0,0,0,0,0,0,0,0,0,0,0,0,2021-02-24
89,三千剑气开天门,mng2634,18,1,Takedar,12056479,0,2547756,2426434,0,544832,0,0,0,0,0,0,0,4176480,0,1938331,422019,0,0,0,0,0,0,0,623,2021-02-24
90,三千剑气开天门,mng2634,18,2,Terro,0,0,0,0,0,0,0,0,0,0,0,0,0,0,0,0,0,0,0,0,0,0,0,0,0,2021-02-24
91,三千剑气开天门,mng2634,18,3,Jukk,5760598,0,0,0,0,0,0,0,0,2570975,0,0,0,0,2969104,0,220518,0,0,0,0,0,0,0,0,2021-02-24
92,三千剑气开天门,mng2634,18,4,Jukk,2395518,0,0,0,0,0,0,0,0,0,0,0,0,0,0,357195,2037512,0,0,0,0,0,0,0,811,2021-02-24
93,三千剑气开天门,mng2634,18,5,Takedar,10015870,0,2626190,93199,0,6657209,0,0,0,0,0,0,0,639270,0,0,0,0,0,0,0,0,0,0,0,2021-02-24
94,三千剑气开天门,mng2634,18,6,Takedar,11902507,0,2584835,0,0,0,0,1709786,1113815,0,0,111456,0,2178788,0,4203370,0,0,0,0,0,455,0,0,0,2021-02-24
95,三千剑气开天门,mng2634,18,7,Jukk,12220670,0,0,0,0,0,0,0,0,1759338,0,5285821,0,1041223,0,4133370,0,398,0,518,0,0,0,0,0,2021-02-24
96,cong,gmyr876,17,0,Jukk,0,0,0,0,0,0,0,0,0,0,0,0,0,0,0,0,0,0,0,0,0,0,0,0,0,2021-02-24
97,cong,gmyr876,17,1,Takedar,12640836,5776367,218616,268194,228253,114977,166748,254745,3745526,1867406,0,0,0,0,0,0,0,0,0,0,0,0,0,0,0,2021-02-24
98,cong,gmyr876,17,2,Terro,0,0,0,0,0,0,0,0,0,0,0,0,0,0,0,0,0,0,0,0,0,0,0,0,0,2021-02-24
99,cong,gmyr876,17,3,Jukk,12821318,7673564,0,0,0,0,0,0,3310524,0,0,0,0,0,1837229,0,0,0,0,0,0,0,0,0,0,2021-02-24
100,cong,gmyr876,17,4,Jukk,12431451,0,587,0,0,0,0,0,0,7142246,0,0,0,1894919,0,0,3393697,0,0,0,0,0,0,0,0,2021-02-24
101,cong,gmyr876,17,5,Takedar,1973660,0,0,0,0,0,0,0,0,1972888,771,0,0,0,0,0,0,0,0,0,0,0,0,0,0,2021-02-24
102,cong,gmyr876,17,6,Takedar,0,0,0,0,0,0,0,0,0,0,0,0,0,0,0,0,0,0,0,0,0,0,0,0,0,2021-02-24
103,cong,gmyr876,17,7,Jukk,12514967,0,1392,0,0,0,0,0,0,7402375,0,285693,273013,205983,349352,235219,3761937,0,0,0,0,0,0,0,0,2021-02-24
104,狗蛋ღ,yg8x58q,20,0,Jukk,10485739,0,7458,0,0,0,0,0,334165,5988398,0,495627,409738,2529457,437910,282982,0,0,0,0,0,0,0,0,0,2021-02-24
105,狗蛋ღ,yg8x58q,20,1,Takedar,0,0,0,0,0,0,0,0,0,0,0,0,0,0,0,0,0,0,0,0,0,0,0,0,0,2021-02-24
106,狗蛋ღ,yg8x58q,20,2,Terro,9819764,23740,2122381,2459657,53454,366113,0,339667,330886,0,0,3672921,0,0,450942,0,0,0,0,0,0,0,0,0,0,2021-02-24
107,狗蛋ღ,yg8x58q,20,3,Jukk,0,0,0,0,0,0,0,0,0,0,0,0,0,0,0,0,0,0,0,0,0,0,0,0,0,2021-02-24
108,狗蛋ღ,yg8x58q,20,4,Jukk,10624845,4641067,647,719172,617410,511971,640467,535740,2958368,0,0,0,0,0,0,0,0,0,0,0,0,0,0,0,0,2021-02-24
109,狗蛋ღ,yg8x58q,20,5,Takedar,10251947,626550,4454072,674288,579702,0,586867,427467,2899779,0,0,0,0,3219,0,0,0,0,0,0,0,0,0,0,0,2021-02-24
110,狗蛋ღ,yg8x58q,20,6,Takedar,10528035,0,0,0,0,0,0,0,0,717641,4590605,436134,684606,0,728235,565306,2805409,0,0,0,0,96,0,0,0,2021-02-24
111,狗蛋ღ,yg8x58q,20,7,Jukk,0,0,0,0,0,0,0,0,0,0,0,0,0,0,0,0,0,0,0,0,0,0,0,0,0,2021-02-24
112,JZXJ,x67y9yq,20,0,Jukk,9921537,5585440,0,0,0,0,0,0,0,387304,0,1532630,0,2416162,0,0,0,0,0,0,0,0,0,0,0,2021-02-24
113,JZXJ,x67y9yq,20,1,Takedar,9119681,0,0,0,0,0,0,0,0,2819412,6299796,0,0,0,0,0,0,472,0,0,0,0,0,0,0,2021-02-24
114,JZXJ,x67y9yq,20,2,Terro,0,0,0,0,0,0,0,0,0,0,0,0,0,0,0,0,0,0,0,0,0,0,0,0,0,2021-02-24
115,JZXJ,x67y9yq,20,3,Jukk,0,0,0,0,0,0,0,0,0,0,0,0,0,0,0,0,0,0,0,0,0,0,0,0,0,2021-02-24
116,JZXJ,x67y9yq,20,4,Jukk,9881614,0,0,0,0,0,0,0,0,5486312,0,2772679,0,1622621,0,0,0,0,0,0,0,0,0,0,0,2021-02-24
117,JZXJ,x67y9yq,20,5,Takedar,9372998,0,0,0,0,0,0,0,0,5182691,1778057,2412249,0,0,0,0,0,0,0,0,0,0,0,0,0,2021-02-24
118,JZXJ,x67y9yq,20,6,Takedar,0,0,0,0,0,0,0,0,0,0,0,0,0,0,0,0,0,0,0,0,0,0,0,0,0,2021-02-24
119,JZXJ,x67y9yq,20,7,Jukk,10192771,0,0,0,0,0,0,0,0,7192196,0,3000575,0,0,0,0,0,0,0,0,0,0,0,0,0,2021-02-24
120,Hts,87ee6rw,19,0,Jukk,8171568,0,0,0,0,0,0,5587702,0,0,0,2583865,0,0,0,0,0,0,0,0,0,0,0,0,0,2021-02-24
121,Hts,87ee6rw,19,1,Takedar,0,0,0,0,0,0,0,0,0,0,0,0,0,0,0,0,0,0,0,0,0,0,0,0,0,2021-02-24
122,Hts,87ee6rw,19,2,Terro,0,0,0,0,0,0,0,0,0,0,0,0,0,0,0,0,0,0,0,0,0,0,0,0,0,2021-02-24
123,Hts,87ee6rw,19,3,Jukk,9900723,0,0,0,0,0,0,6308716,1051218,0,0,0,2540788,0,0,0,0,0,0,0,0,0,0,0,0,2021-02-24
124,Hts,87ee6rw,19,4,Jukk,10202664,0,0,0,0,0,0,0,0,6401808,0,0,1008700,0,839985,1952170,0,0,0,0,0,0,0,0,0,2021-02-24
125,Hts,87ee6rw,19,5,Takedar,0,0,0,0,0,0,0,0,0,0,0,0,0,0,0,0,0,0,0,0,0,0,0,0,0,2021-02-24
126,Hts,87ee6rw,19,6,Takedar,9877353,3645964,1899159,0,0,0,0,0,0,0,0,3265321,0,1066907,0,0,0,0,0,0,0,0,0,0,0,2021-02-24
127,Hts,87ee6rw,19,7,Jukk,9851840,2033385,0,0,0,0,1825799,821954,1094326,4076374,0,0,0,0,0,0,0,0,0,0,0,0,0,0,0,2021-02-24
128,Mdzz,r563kb9,20,0,Jukk,8849292,0,39690,0,0,0,0,0,0,438843,0,0,439746,3432257,421048,3674563,403025,0,0,0,0,117,0,0,0,2021-02-24
129,Mdzz,r563kb9,20,1,Takedar,0,0,0,0,0,0,0,0,0,0,0,0,0,0,0,0,0,0,0,0,0,0,0,0,0,2021-02-24
130,Mdzz,r563kb9,20,2,Terro,0,0,0,0,0,0,0,0,0,0,0,0,0,0,0,0,0,0,0,0,0,0,0,0,0,2021-02-24
131,Mdzz,r563kb9,20,3,Jukk,9293503,0,41408,0,0,318672,0,0,5294969,387834,0,505930,441022,586715,777380,805297,134272,0,0,0,0,0,0,0,0,2021-02-24
132,Mdzz,r563kb9,20,4,Jukk,9706132,540162,4319,383663,320734,3638165,401475,265978,3736061,0,0,0,0,0,0,0,415571,0,0,0,0,0,0,0,0,2021-02-24
133,Mdzz,r563kb9,20,5,Takedar,9909840,1064861,1566597,347281,415628,0,827318,4256257,758529,0,0,0,0,673366,0,0,0,0,0,0,0,0,0,0,0,2021-02-24
134,Mdzz,r563kb9,20,6,Takedar,0,0,0,0,0,0,0,0,0,0,0,0,0,0,0,0,0,0,0,0,0,0,0,0,0,2021-02-24
135,Mdzz,r563kb9,20,7,Jukk,9651266,0,565,4845676,308355,2774247,163942,403744,245085,551901,0,70036,0,0,151355,0,136357,0,0,0,0,0,0,0,0,2021-02-24
136,Doroshi,qq52rrr,20,0,Jukk,9130166,0,19633,0,0,0,0,0,0,5492107,0,393767,159992,298471,279762,241264,2245167,0,0,0,0,0,0,0,0,2021-02-24
137,Doroshi,qq52rrr,20,1,Takedar,9294997,0,0,0,0,0,0,0,0,5402599,3892397,0,0,0,0,0,0,0,0,0,0,0,0,0,0,2021-02-24
138,Doroshi,qq52rrr,20,2,Terro,0,0,0,0,0,0,0,0,0,0,0,0,0,0,0,0,0,0,0,0,0,0,0,0,0,2021-02-24
139,Doroshi,qq52rrr,20,3,Jukk,0,0,0,0,0,0,0,0,0,0,0,0,0,0,0,0,0,0,0,0,0,0,0,0,0,2021-02-24
140,Doroshi,qq52rrr,20,4,Jukk,9382524,5436073,18535,166788,440441,376440,386177,2352133,0,0,0,0,0,0,0,0,205933,0,0,0,0,0,0,0,0,2021-02-24
141,Doroshi,qq52rrr,20,5,Takedar,9680664,4318154,2080047,113508,220143,0,264427,180502,2196018,0,0,0,0,307861,0,0,0,0,0,0,0,0,0,0,0,2021-02-24
142,Doroshi,qq52rrr,20,6,Takedar,0,0,0,0,0,0,0,0,0,0,0,0,0,0,0,0,0,0,0,0,0,0,0,0,0,2021-02-24
143,Doroshi,qq52rrr,20,7,Jukk,9565208,0,17016,0,0,0,0,1051270,0,2173254,0,419406,286654,126564,180078,5122621,188339,0,0,0,0,0,0,0,0,2021-02-24
144,Angela,ny32m8q,20,0,Jukk,9054483,5454,2897879,934081,0,462691,1760016,0,2373038,0,0,45347,40970,0,535003,0,0,0,0,0,0,0,0,0,0,2021-02-24
145,Angela,ny32m8q,20,1,Takedar,0,0,0,0,0,0,0,0,0,0,0,0,0,0,0,0,0,0,0,0,0,0,0,0,0,2021-02-24
146,Angela,ny32m8q,20,2,Terro,0,0,0,0,0,0,0,0,0,0,0,0,0,0,0,0,0,0,0,0,0,0,0,0,0,2021-02-24
147,Angela,ny32m8q,20,3,Jukk,9465056,2952,2825357,3936867,0,0,2311714,0,0,0,0,0,121335,0,266828,0,0,0,0,0,0,0,0,0,0,2021-02-24
148,Angela,ny32m8q,20,4,Jukk,9696874,0,421,0,0,0,0,0,0,2994905,0,0,6701547,0,0,0,0,0,0,0,0,0,0,0,0,2021-02-24
149,Angela,ny32m8q,20,5,Takedar,9219011,0,0,0,0,0,0,0,0,1675069,3043586,0,3181268,0,466959,452013,397586,0,0,0,988,0,769,0,769,2021-02-24
150,Angela,ny32m8q,20,6,Takedar,2984943,0,0,0,0,0,0,0,0,0,2984943,0,0,0,0,0,0,0,0,0,0,0,0,0,0,2021-02-24
151,Angela,ny32m8q,20,7,Jukk,6597402,0,106315,0,0,0,0,2133607,1612864,1827515,0,0,0,0,0,0,917099,0,0,0,0,0,0,0,0,2021-02-24
152,冲冲冲,qk53q63,20,0,Jukk,0,0,0,0,0,0,0,0,0,0,0,0,0,0,0,0,0,0,0,0,0,0,0,0,0,2021-02-24
153,冲冲冲,qk53q63,20,1,Takedar,9213763,3414751,338316,624669,701149,670375,793713,0,0,0,0,0,0,0,0,2363309,307478,0,0,0,0,0,0,0,0,2021-02-24
154,冲冲冲,qk53q63,20,2,Terro,9364610,0,286087,731984,7877,795766,3623510,817154,2757653,0,0,0,0,0,344575,0,0,0,0,0,0,0,0,0,0,2021-02-24
155,冲冲冲,qk53q63,20,3,Jukk,0,0,0,0,0,0,0,0,0,0,0,0,0,0,0,0,0,0,0,0,0,0,0,0,0,2021-02-24
156,冲冲冲,qk53q63,20,4,Jukk,7617592,0,0,347023,438093,409308,0,2361268,0,3184199,0,0,0,0,431366,0,446331,0,0,0,0,0,0,0,0,2021-02-24
157,冲冲冲,qk53q63,20,5,Takedar,1804792,196619,266390,217486,320073,0,248685,267151,288385,0,0,0,0,0,0,0,0,0,0,0,0,0,0,0,0,2021-02-24
158,冲冲冲,qk53q63,20,6,Takedar,13242900,3340290,245607,714285,644660,0,647825,2492815,592711,1095667,735549,0,1779098,353867,0,600468,0,50,0,0,0,0,0,0,0,2021-02-24
159,冲冲冲,qk53q63,20,7,Jukk,5250588,292454,0,277302,3527672,306772,342015,213663,290707,0,0,0,0,0,0,0,0,0,0,0,0,0,0,0,0,2021-02-24
160,pater,b2rmkk3,16,0,Jukk,0,0,0,0,0,0,0,0,0,0,0,0,0,0,0,0,0,0,0,0,0,0,0,0,0,2021-02-24
161,pater,b2rmkk3,16,1,Takedar,1756701,0,0,0,0,0,0,0,0,0,1756701,0,0,0,0,0,0,0,0,0,0,0,0,0,0,2021-02-24
162,pater,b2rmkk3,16,2,Terro,9922720,0,3221160,0,0,0,0,2143418,4558142,0,0,0,0,0,0,0,0,0,0,0,0,0,0,0,0,2021-02-24
163,pater,b2rmkk3,16,3,Jukk,0,0,0,0,0,0,0,0,0,0,0,0,0,0,0,0,0,0,0,0,0,0,0,0,0,2021-02-24
164,pater,b2rmkk3,16,4,Jukk,0,0,0,0,0,0,0,0,0,0,0,0,0,0,0,0,0,0,0,0,0,0,0,0,0,2021-02-24
165,pater,b2rmkk3,16,5,Takedar,11352139,6231299,3008402,0,0,0,0,0,0,0,0,0,0,2112437,0,0,0,0,0,0,0,0,0,0,0,2021-02-24
166,pater,b2rmkk3,16,6,Takedar,11921741,6863158,2028109,0,0,0,0,0,0,0,980095,0,0,0,1020067,0,1030311,0,0,0,0,0,0,0,0,2021-02-24
167,pater,b2rmkk3,16,7,Jukk,11056162,0,809,0,0,0,0,0,0,0,0,0,3601156,0,782215,109836,6562144,0,0,0,0,0,0,0,0,2021-02-24
168,Liquid,6r922bx,16,0,Jukk,11370368,1849376,22153,0,0,1516064,0,2190141,328264,363066,0,761266,927280,211441,803717,2397597,0,0,0,0,0,0,0,0,0,2021-02-24
169,Liquid,6r922bx,16,1,Takedar,0,0,0,0,0,0,0,0,0,0,0,0,0,0,0,0,0,0,0,0,0,0,0,0,0,2021-02-24
170,Liquid,6r922bx,16,2,Terro,0,0,0,0,0,0,0,0,0,0,0,0,0,0,0,0,0,0,0,0,0,0,0,0,0,2021-02-24
171,Liquid,6r922bx,16,3,Jukk,11477034,198161,8506,0,0,4385453,0,2684738,522685,748443,0,687893,979505,0,782097,479548,0,0,0,0,0,0,0,0,0,2021-02-24
172,Liquid,6r922bx,16,4,Jukk,0,0,0,0,0,0,0,0,0,0,0,0,0,0,0,0,0,0,0,0,0,0,0,0,0,2021-02-24
173,Liquid,6r922bx,16,5,Takedar,0,0,0,0,0,0,0,0,0,0,0,0,0,0,0,0,0,0,0,0,0,0,0,0,0,2021-02-24
174,Liquid,6r922bx,16,6,Takedar,11516940,971107,6271575,530399,598113,1015808,470421,752978,506799,0,0,0,0,399737,0,0,0,0,0,0,0,0,0,0,0,2021-02-24
175,Liquid,6r922bx,16,7,Jukk,10946072,0,3582,0,0,0,0,0,0,0,0,0,442585,2756937,429410,1352929,5959682,84,0,0,0,168,0,0,693,2021-02-24
176,gegeeey,b6667p5,15,0,Jukk,0,0,0,0,0,0,0,0,0,0,0,0,0,0,0,0,0,0,0,0,0,0,0,0,0,2021-02-24
177,gegeeey,b6667p5,15,1,Takedar,11967553,1115650,6875970,0,208691,0,1394299,0,0,0,0,0,570978,0,1476586,325376,0,0,0,0,0,0,0,0,0,2021-02-24
178,gegeeey,b6667p5,15,2,Terro,11597376,0,417144,1996729,0,1697407,0,841907,138821,0,2503075,2594623,0,474775,0,861030,71862,0,0,0,0,0,0,0,0,2021-02-24
179,gegeeey,b6667p5,15,3,Jukk,0,0,0,0,0,0,0,0,0,0,0,0,0,0,0,0,0,0,0,0,0,0,0,0,0,2021-02-24
180,gegeeey,b6667p5,15,4,Jukk,9427853,0,0,0,0,0,0,0,0,2513539,0,0,106032,0,392537,4008246,2407496,0,0,0,0,0,0,0,0,2021-02-24
181,gegeeey,b6667p5,15,5,Takedar,12294442,562400,7635799,0,425257,0,145680,989423,0,0,0,0,0,0,362522,0,2173358,0,0,0,0,0,0,0,0,2021-02-24
182,gegeeey,b6667p5,15,6,Takedar,0,0,0,0,0,0,0,0,0,0,0,0,0,0,0,0,0,0,0,0,0,0,0,0,0,2021-02-24
183,gegeeey,b6667p5,15,7,Jukk,0,0,0,0,0,0,0,0,0,0,0,0,0,0,0,0,0,0,0,0,0,0,0,0,0,2021-02-24
184,风清,7nr6628,20,0,Jukk,9493415,0,18346,0,0,0,0,0,300414,2175829,0,433713,262039,151695,278034,139396,5733945,0,0,0,0,0,0,0,0,2021-02-24
185,风清,7nr6628,20,1,Takedar,0,0,0,0,0,0,0,0,0,0,0,0,0,0,0,0,0,0,0,0,0,0,0,0,0,2021-02-24
186,风清,7nr6628,20,2,Terro,6677562,483,0,0,0,0,0,0,0,0,4670077,0,0,0,0,2007002,0,0,0,0,0,0,0,0,0,2021-02-24
187,风清,7nr6628,20,3,Jukk,10456629,337667,2840,257781,283925,298833,456947,278759,130792,665028,0,3991315,0,1914486,0,1570793,265215,1276,0,338,0,601,24,0,0,2021-02-24
188,风清,7nr6628,20,4,Jukk,0,0,0,0,0,0,0,0,0,0,0,0,0,0,0,0,0,0,0,0,0,0,0,0,0,2021-02-24
189,风清,7nr6628,20,5,Takedar,8987176,0,0,0,0,0,0,0,0,5362797,2411511,725,254816,0,306954,227395,422975,0,0,0,0,0,0,0,0,2021-02-24
190,风清,7nr6628,20,6,Takedar,0,0,0,0,0,0,0,0,0,0,0,0,0,0,0,0,0,0,0,0,0,0,0,0,0,2021-02-24
191,风清,7nr6628,20,7,Jukk,9426589,5311115,29987,422507,372032,259485,240705,259145,2531609,0,0,0,0,0,0,0,0,0,0,0,0,0,0,0,0,2021-02-24
192,迪奥斯先生,p2dbk3,16,0,Jukk,11369740,6736147,6511,424659,2550544,373877,526652,492452,257992,0,0,0,902,0,0,0,0,0,0,0,0,0,0,0,0,2021-02-24
193,迪奥斯先生,p2dbk3,16,1,Takedar,0,0,0,0,0,0,0,0,0,0,0,0,0,0,0,0,0,0,0,0,0,0,0,0,0,2021-02-24
194,迪奥斯先生,p2dbk3,16,2,Terro,10350319,0,6434647,330631,0,263578,0,516363,0,0,0,0,0,0,0,44919,2760179,0,0,0,0,0,0,0,0,2021-02-24
195,迪奥斯先生,p2dbk3,16,3,Jukk,0,0,0,0,0,0,0,0,0,0,0,0,0,0,0,0,0,0,0,0,0,0,0,0,0,2021-02-24
196,迪奥斯先生,p2dbk3,16,4,Jukk,11525545,3102662,2889,364899,319449,357584,341158,410403,277387,6349110,0,0,0,0,0,0,0,0,0,0,0,0,0,0,0,2021-02-24
197,迪奥斯先生,p2dbk3,16,5,Takedar,0,0,0,0,0,0,0,0,0,0,0,0,0,0,0,0,0,0,0,0,0,0,0,0,0,2021-02-24
198,迪奥斯先生,p2dbk3,16,6,Takedar,0,0,0,0,0,0,0,0,0,0,0,0,0,0,0,0,0,0,0,0,0,0,0,0,0,2021-02-24
199,迪奥斯先生,p2dbk3,16,7,Jukk,11227146,6897056,69271,412492,397859,2526991,478434,245993,199047,0,0,0,0,0,0,0,0,0,0,0,0,0,0,0,0,2021-02-24
200,RiNK,52ymnnk,16,0,Jukk,2596309,0,0,0,0,0,0,0,0,0,0,0,505247,0,151445,0,1939617,0,0,0,0,0,0,0,0,2021-02-24
201,RiNK,52ymnnk,16,1,Takedar,8275882,3721426,1964224,470759,338119,344729,322782,688851,424988,0,0,0,0,0,0,0,0,0,0,0,0,0,0,0,0,2021-02-24
202,RiNK,52ymnnk,16,2,Terro,10512349,0,1992225,337259,0,357658,0,609241,708581,0,0,0,0,0,6507383,0,0,0,0,0,0,0,0,0,0,2021-02-24
203,RiNK,52ymnnk,16,3,Jukk,0,0,0,0,0,0,0,0,0,0,0,0,0,0,0,0,0,0,0,0,0,0,0,0,0,2021-02-24
204,RiNK,52ymnnk,16,4,Jukk,10367458,0,0,0,0,0,0,0,0,5188078,0,252772,409924,2812802,407619,622659,673602,0,0,0,0,0,0,0,0,2021-02-24
205,RiNK,52ymnnk,16,5,Takedar,8056323,0,0,0,0,0,0,0,0,3520994,1980945,2554382,0,0,0,0,0,0,0,0,0,0,0,0,0,2021-02-24
206,RiNK,52ymnnk,16,6,Takedar,2759185,0,0,385817,611449,474792,391566,541230,354329,0,0,0,0,0,0,0,0,0,0,0,0,0,0,0,0,2021-02-24
207,RiNK,52ymnnk,16,7,Jukk,0,0,0,0,0,0,0,0,0,0,0,0,0,0,0,0,0,0,0,0,0,0,0,0,0,2021-02-24
208,咸鱼没啥好想的,p7dygdn,16,0,Jukk,10669698,0,36958,0,0,0,0,0,1129324,330792,0,326063,263341,279893,315807,2829602,5157913,0,0,0,0,0,0,0,0,2021-02-24
209,咸鱼没啥好想的,p7dygdn,16,1,Takedar,0,0,0,0,0,0,0,0,0,0,0,0,0,0,0,0,0,0,0,0,0,0,0,0,0,2021-02-24
210,咸鱼没啥好想的,p7dygdn,16,2,Terro,0,0,0,0,0,0,0,0,0,0,0,0,0,0,0,0,0,0,0,0,0,0,0,0,0,2021-02-24
211,咸鱼没啥好想的,p7dygdn,16,3,Jukk,10563850,0,3850,0,0,893945,0,261944,2670841,542047,0,366103,431678,3255993,458453,1678992,0,0,0,0,0,0,0,0,0,2021-02-24
212,咸鱼没啥好想的,p7dygdn,16,4,Jukk,0,0,0,0,0,0,0,0,0,0,0,0,0,0,0,0,0,0,0,0,0,0,0,0,0,2021-02-24
213,咸鱼没啥好想的,p7dygdn,16,5,Takedar,10036613,75454,370422,1929152,480751,0,4012074,1978856,335400,0,0,246663,0,607836,0,0,0,0,0,0,0,0,0,0,0,2021-02-24
214,咸鱼没啥好想的,p7dygdn,16,6,Takedar,0,0,0,0,0,0,0,0,0,0,0,0,0,0,0,0,0,0,0,0,0,0,0,0,0,2021-02-24
215,咸鱼没啥好想的,p7dygdn,16,7,Jukk,11135552,471048,61402,509879,2117088,418704,3388894,1188327,742064,438357,0,0,29537,0,1757246,0,13000,0,0,0,0,0,0,0,0,2021-02-24
216,断吴恒,d234wb5,16,0,Jukk,0,0,0,0,0,0,0,0,0,0,0,0,0,0,0,0,0,0,0,0,0,0,0,0,0,2021-02-24
217,断吴恒,d234wb5,16,1,Takedar,10443327,2226270,2151196,852221,0,0,0,0,0,0,0,2707162,0,2506475,0,0,0,0,0,0,0,0,0,0,0,2021-02-24
218,断吴恒,d234wb5,16,2,Terro,10486333,0,0,0,0,0,0,0,0,0,2690173,0,0,3226795,0,3948184,620912,0,0,159,0,0,106,0,0,2021-02-24
219,断吴恒,d234wb5,16,3,Jukk,0,0,0,0,0,0,0,0,0,0,0,0,0,0,0,0,0,0,0,0,0,0,0,0,0,2021-02-24
220,断吴恒,d234wb5,16,4,Jukk,0,0,0,0,0,0,0,0,0,0,0,0,0,0,0,0,0,0,0,0,0,0,0,0,0,2021-02-24
221,断吴恒,d234wb5,16,5,Takedar,0,0,0,0,0,0,0,0,0,0,0,0,0,0,0,0,0,0,0,0,0,0,0,0,0,2021-02-24
222,断吴恒,d234wb5,16,6,Takedar,10653526,2207699,2198436,0,0,0,0,0,2936429,0,0,2684530,0,0,0,0,626429,0,0,0,0,0,0,0,0,2021-02-24
223,断吴恒,d234wb5,16,7,Jukk,9913417,0,2123696,0,0,0,0,0,0,0,0,0,4375026,0,807286,2607408,0,0,0,0,0,0,0,0,0,2021-02-24
224,书生学院,r5xpnx5,16,0,Jukk,0,0,0,0,0,0,0,0,0,0,0,0,0,0,0,0,0,0,0,0,0,0,0,0,0,2021-02-24
225,书生学院,r5xpnx5,16,1,Takedar,21618194,0,1893901,0,0,0,0,0,0,8771645,1964816,1620429,4368495,0,2994728,0,0,0,0,2154,0,0,2023,0,0,2021-02-24
226,书生学院,r5xpnx5,16,2,Terro,0,0,0,0,0,0,0,0,0,0,0,0,0,0,0,0,0,0,0,0,0,0,0,0,0,2021-02-24
227,书生学院,r5xpnx5,16,3,Jukk,4438531,0,0,0,0,0,0,0,0,0,0,0,0,0,0,2375402,2063128,0,0,0,0,0,0,0,0,2021-02-24
228,书生学院,r5xpnx5,16,4,Jukk,6228271,2017108,0,0,0,0,0,0,4211163,0,0,0,0,0,0,0,0,0,0,0,0,0,0,0,0,2021-02-24
229,书生学院,r5xpnx5,16,5,Takedar,8070428,1917585,1882141,0,0,0,0,0,2288108,0,0,0,0,0,0,0,1982592,0,0,0,0,0,0,0,0,2021-02-24
230,书生学院,r5xpnx5,16,6,Takedar,0,0,0,0,0,0,0,0,0,0,0,0,0,0,0,0,0,0,0,0,0,0,0,0,0,2021-02-24
231,书生学院,r5xpnx5,16,7,Jukk,0,0,0,0,0,0,0,0,0,0,0,0,0,0,0,0,0,0,0,0,0,0,0,0,0,2021-02-24
232,大风车吱呀吱,qq3k69r,20,0,Jukk,7834910,3353797,162,0,0,198097,0,294277,1960628,0,0,260849,341481,0,1425615,0,0,0,0,0,0,0,0,0,0,2021-02-24
233,大风车吱呀吱,qq3k69r,20,1,Takedar,0,0,0,0,0,0,0,0,0,0,0,0,0,0,0,0,0,0,0,0,0,0,0,0,0,2021-02-24
234,大风车吱呀吱,qq3k69r,20,2,Terro,7584701,406,0,0,0,0,0,0,0,0,6143387,324612,0,311533,0,344188,460573,0,0,0,0,0,0,0,0,2021-02-24
235,大风车吱呀吱,qq3k69r,20,3,Jukk,7670126,0,0,0,0,0,0,0,0,3260930,0,309064,189247,215753,209887,363859,3121384,0,0,0,0,0,0,0,0,2021-02-24
236,大风车吱呀吱,qq3k69r,20,4,Jukk,0,0,0,0,0,0,0,0,0,0,0,0,0,0,0,0,0,0,0,0,0,0,0,0,0,2021-02-24
237,大风车吱呀吱,qq3k69r,20,5,Takedar,7812167,0,0,0,0,0,0,0,0,3290490,3251145,194034,180479,0,388113,251508,256396,0,0,0,0,0,0,0,0,2021-02-24
238,大风车吱呀吱,qq3k69r,20,6,Takedar,0,0,0,0,0,0,0,0,0,0,0,0,0,0,0,0,0,0,0,0,0,0,0,0,0,2021-02-24
239,大风车吱呀吱,qq3k69r,20,7,Jukk,8001548,4587150,162,232152,202534,302603,350716,331878,1994350,0,0,0,0,0,0,0,0,0,0,0,0,0,0,0,0,2021-02-24
240,杀伐,pgrbxby,20,0,Jukk,7748269,0,31069,0,0,0,0,0,0,4466124,0,0,357686,0,265321,2044540,583528,0,0,0,0,0,0,0,0,2021-02-24
241,杀伐,pgrbxby,20,1,Takedar,0,0,0,0,0,0,0,0,0,0,0,0,0,0,0,0,0,0,0,0,0,0,0,0,0,2021-02-24
242,杀伐,pgrbxby,20,2,Terro,0,0,0,0,0,0,0,0,0,0,0,0,0,0,0,0,0,0,0,0,0,0,0,0,0,2021-02-24
243,杀伐,pgrbxby,20,3,Jukk,15637806,4405620,79476,250240,0,197656,0,231514,2273893,4836723,0,540557,411119,2092590,318414,0,0,0,0,0,0,0,0,0,0,2021-02-24
244,杀伐,pgrbxby,20,4,Jukk,0,0,0,0,0,0,0,0,0,0,0,0,0,0,0,0,0,0,0,0,0,0,0,0,0,2021-02-24
245,杀伐,pgrbxby,20,5,Takedar,0,0,0,0,0,0,0,0,0,0,0,0,0,0,0,0,0,0,0,0,0,0,0,0,0,2021-02-24
246,杀伐,pgrbxby,20,6,Takedar,15441099,2673250,4017502,316740,290187,190393,219961,0,0,3195848,3347037,148837,333408,0,188148,126251,393369,0,0,0,0,162,0,0,0,2021-02-24
247,杀伐,pgrbxby,20,7,Jukk,0,0,0,0,0,0,0,0,0,0,0,0,0,0,0,0,0,0,0,0,0,0,0,0,0,2021-02-24
248,随遇而安,p7k86mx,12,0,Jukk,0,0,0,0,0,0,0,0,0,0,0,0,0,0,0,0,0,0,0,0,0,0,0,0,0,2021-02-24
249,随遇而安,p7k86mx,12,1,Takedar,12240977,0,10065654,0,0,0,0,0,0,0,0,2175322,0,0,0,0,0,0,0,0,0,0,0,0,0,2021-02-24
250,随遇而安,p7k86mx,12,2,Terro,0,0,0,0,0,0,0,0,0,0,0,0,0,0,0,0,0,0,0,0,0,0,0,0,0,2021-02-24
251,随遇而安,p7k86mx,12,3,Jukk,12415742,10402077,0,0,0,549504,0,644110,555623,0,0,264426,0,0,0,0,0,0,0,0,0,0,0,0,0,2021-02-24
252,随遇而安,p7k86mx,12,4,Jukk,0,0,0,0,0,0,0,0,0,0,0,0,0,0,0,0,0,0,0,0,0,0,0,0,0,2021-02-24
253,随遇而安,p7k86mx,12,5,Takedar,0,0,0,0,0,0,0,0,0,0,0,0,0,0,0,0,0,0,0,0,0,0,0,0,0,2021-02-24
254,随遇而安,p7k86mx,12,6,Takedar,12574705,911810,10026369,0,669946,0,0,382897,583393,0,0,287,0,0,0,0,0,0,0,0,0,0,0,0,0,2021-02-24
255,随遇而安,p7k86mx,12,7,Jukk,0,0,0,0,0,0,0,0,0,0,0,0,0,0,0,0,0,0,0,0,0,0,0,0,0,2021-02-24
256,老板,md4enrk,20,0,Jukk,6443074,273745,277888,150349,4970924,136123,205956,210148,217938,0,0,0,0,0,0,0,0,0,0,0,0,0,0,0,0,2021-02-24
257,老板,md4enrk,20,1,Takedar,0,0,0,0,0,0,0,0,0,0,0,0,0,0,0,0,0,0,0,0,0,0,0,0,0,2021-02-24
258,老板,md4enrk,20,2,Terro,0,0,0,0,0,0,0,0,0,0,0,0,0,0,0,0,0,0,0,0,0,0,0,0,0,2021-02-24
259,老板,md4enrk,20,3,Jukk,6638332,2710240,259106,0,0,218585,0,1613618,105978,0,0,1238845,229124,0,262833,0,0,0,0,0,0,0,0,0,0,2021-02-24
260,老板,md4enrk,20,4,Jukk,6635075,0,330049,0,148702,169352,0,1680967,0,3763308,0,105917,0,0,216281,0,220496,0,0,0,0,0,0,0,0,2021-02-24
261,老板,md4enrk,20,5,Takedar,6591128,0,0,0,0,0,0,0,0,1586762,2622923,137737,327090,0,163995,435717,1316901,0,0,0,0,0,0,0,0,2021-02-24
262,老板,md4enrk,20,6,Takedar,0,0,0,0,0,0,0,0,0,0,0,0,0,0,0,0,0,0,0,0,0,0,0,0,0,2021-02-24
263,老板,md4enrk,20,7,Jukk,6832751,0,396520,0,0,96680,0,170271,0,3929742,0,184465,143629,126795,116108,0,1668538,0,0,0,0,0,0,0,0,2021-02-24
264,剑指苍穹,d55nkr9,20,0,Jukk,1345511,0,0,0,0,0,0,0,0,262719,0,0,216374,0,279356,207864,379196,0,0,0,0,0,0,0,0,2021-02-24
265,剑指苍穹,d55nkr9,20,1,Takedar,5015550,0,1168485,0,0,0,0,0,0,2510696,0,78375,0,0,1257992,0,0,0,0,0,0,0,0,0,0,2021-02-24
266,剑指苍穹,d55nkr9,20,2,Terro,6281518,0,1489429,277424,0,263552,0,325542,138822,0,0,94116,0,2275376,0,1237957,179296,0,0,0,0,0,0,0,0,2021-02-24
267,剑指苍穹,d55nkr9,20,3,Jukk,0,0,0,0,0,0,0,0,0,0,0,0,0,0,0,0,0,0,0,0,0,0,0,0,0,2021-02-24
268,剑指苍穹,d55nkr9,20,4,Jukk,6609887,0,0,0,0,0,0,0,0,1665424,0,159589,1431060,220257,2707819,188506,237229,0,0,0,0,0,0,0,0,2021-02-24
269,剑指苍穹,d55nkr9,20,5,Takedar,6503971,0,0,0,0,0,0,0,0,218241,1630080,217391,190062,0,2751203,1313071,183921,0,0,0,0,0,0,0,0,2021-02-24
270,剑指苍穹,d55nkr9,20,6,Takedar,0,0,0,0,0,0,0,0,0,0,0,0,0,0,0,0,0,0,0,0,0,0,0,0,0,2021-02-24
271,剑指苍穹,d55nkr9,20,7,Jukk,6938746,0,0,0,0,0,0,0,0,4388384,0,225686,190952,187132,1460488,244920,241180,0,0,0,0,0,0,0,0,2021-02-24
272,雪中悍刀行,2ww84em,8,0,Jukk,0,0,0,0,0,0,0,0,0,0,0,0,0,0,0,0,0,0,0,0,0,0,0,0,0,2021-02-24
273,雪中悍刀行,2ww84em,8,1,Takedar,15810749,6108482,3609953,393699,627456,677386,331008,188494,2096169,0,0,0,0,0,0,0,1778099,0,0,0,0,0,0,0,0,2021-02-24
274,雪中悍刀行,2ww84em,8,2,Terro,8766330,0,0,0,0,0,0,0,0,0,8766330,0,0,0,0,0,0,0,0,0,0,0,0,0,0,2021-02-24
275,雪中悍刀行,2ww84em,8,3,Jukk,7845537,0,715689,530880,517514,481949,660907,4327034,611560,0,0,0,0,0,0,0,0,0,0,0,0,0,0,0,0,2021-02-24
276,雪中悍刀行,2ww84em,8,4,Jukk,0,0,0,0,0,0,0,0,0,0,0,0,0,0,0,0,0,0,0,0,0,0,0,0,0,2021-02-24
277,雪中悍刀行,2ww84em,8,5,Takedar,0,0,0,0,0,0,0,0,0,0,0,0,0,0,0,0,0,0,0,0,0,0,0,0,0,2021-02-24
278,雪中悍刀行,2ww84em,8,6,Takedar,0,0,0,0,0,0,0,0,0,0,0,0,0,0,0,0,0,0,0,0,0,0,0,0,0,2021-02-24
279,雪中悍刀行,2ww84em,8,7,Jukk,0,0,0,0,0,0,0,0,0,0,0,0,0,0,0,0,0,0,0,0,0,0,0,0,0,2021-02-24
280,风归,pmy9pbd,12,0,Jukk,0,0,0,0,0,0,0,0,0,0,0,0,0,0,0,0,0,0,0,0,0,0,0,0,0,2021-02-24
281,风归,pmy9pbd,12,1,Takedar,9827214,2107323,78983,0,0,0,0,0,0,4053184,0,69046,2432628,74825,838456,172767,0,0,0,0,0,0,0,0,0,2021-02-24
282,风归,pmy9pbd,12,2,Terro,0,0,0,0,0,0,0,0,0,0,0,0,0,0,0,0,0,0,0,0,0,0,0,0,0,2021-02-24
283,风归,pmy9pbd,12,3,Jukk,0,0,0,0,0,0,0,0,0,0,0,0,0,0,0,0,0,0,0,0,0,0,0,0,0,2021-02-24
284,风归,pmy9pbd,12,4,Jukk,0,0,0,0,0,0,0,0,0,0,0,0,0,0,0,0,0,0,0,0,0,0,0,0,0,2021-02-24
285,风归,pmy9pbd,12,5,Takedar,10563100,6568465,2032144,0,0,0,0,0,0,0,0,0,0,1962490,0,0,0,0,0,0,0,0,0,0,0,2021-02-24
286,风归,pmy9pbd,12,6,Takedar,10575861,6549441,2157873,0,0,1868546,0,0,0,0,0,0,0,0,0,0,0,0,0,0,0,0,0,0,0,2021-02-24
287,风归,pmy9pbd,12,7,Jukk,0,0,0,0,0,0,0,0,0,0,0,0,0,0,0,0,0,0,0,0,0,0,0,0,0,2021-02-24
288,十六夜,e4w4gp8,13,0,Jukk,0,0,0,0,0,0,0,0,0,0,0,0,0,0,0,0,0,0,0,0,0,0,0,0,0,2021-02-24
289,十六夜,e4w4gp8,13,1,Takedar,16889476,3398039,192220,0,416905,0,1788615,0,0,6943541,1551049,151581,0,1921445,0,525236,0,0,0,0,0,552,0,0,289,2021-02-24
290,十六夜,e4w4gp8,13,2,Terro,0,0,0,0,0,0,0,0,0,0,0,0,0,0,0,0,0,0,0,0,0,0,0,0,0,2021-02-24
291,十六夜,e4w4gp8,13,3,Jukk,0,0,0,0,0,0,0,0,0,0,0,0,0,0,0,0,0,0,0,0,0,0,0,0,0,2021-02-24
292,十六夜,e4w4gp8,13,4,Jukk,1127471,0,0,0,0,0,0,0,0,0,0,0,0,0,0,1127471,0,0,0,0,0,0,0,0,0,2021-02-24
293,十六夜,e4w4gp8,13,5,Takedar,7650846,312222,2039112,1908181,226318,2030289,362636,409473,362611,0,0,0,0,0,0,0,0,0,0,0,0,0,0,0,0,2021-02-24
294,十六夜,e4w4gp8,13,6,Takedar,0,0,0,0,0,0,0,0,0,0,0,0,0,0,0,0,0,0,0,0,0,0,0,0,0,2021-02-24
295,十六夜,e4w4gp8,13,7,Jukk,1389627,0,0,0,0,0,0,0,0,0,0,0,0,0,1389627,0,0,0,0,0,0,0,0,0,0,2021-02-24
296,书生Academy,65eqmym,16,0,Jukk,0,0,0,0,0,0,0,0,0,0,0,0,0,0,0,0,0,0,0,0,0,0,0,0,0,2021-02-24
297,书生Academy,65eqmym,16,1,Takedar,13177475,0,1132670,0,0,0,0,0,0,5220067,1133972,1049618,2759481,0,1881665,0,0,0,0,0,0,0,0,0,0,2021-02-24
298,书生Academy,65eqmym,16,2,Terro,0,0,0,0,0,0,0,0,0,0,0,0,0,0,0,0,0,0,0,0,0,0,0,0,0,2021-02-24
299,书生Academy,65eqmym,16,3,Jukk,2817039,0,0,0,0,0,0,0,0,0,0,0,0,0,0,1463407,1353631,0,0,0,0,0,0,0,0,2021-02-24
300,书生Academy,65eqmym,16,4,Jukk,4092947,1220300,0,0,0,0,0,0,2872647,0,0,0,0,0,0,0,0,0,0,0,0,0,0,0,0,2021-02-24
301,书生Academy,65eqmym,16,5,Takedar,5147769,1224000,1124793,0,0,0,0,0,1597476,0,0,0,0,0,0,0,1201498,0,0,0,0,0,0,0,0,2021-02-24
302,书生Academy,65eqmym,16,6,Takedar,0,0,0,0,0,0,0,0,0,0,0,0,0,0,0,0,0,0,0,0,0,0,0,0,0,2021-02-24
303,书生Academy,65eqmym,16,7,Jukk,0,0,0,0,0,0,0,0,0,0,0,0,0,0,0,0,0,0,0,0,0,0,0,0,0,2021-02-24
304,泰罗奥特曼,72qkpqp,20,0,Jukk,4453403,0,2528,0,0,0,0,0,184995,1700625,0,186149,147046,185943,122070,1173372,750671,0,0,0,0,0,0,0,0,2021-02-24
305,泰罗奥特曼,72qkpqp,20,1,Takedar,3185873,0,0,0,0,0,0,0,0,799,2426530,758543,0,0,0,0,0,0,0,0,0,0,0,0,0,2021-02-24
306,泰罗奥特曼,72qkpqp,20,2,Terro,994304,0,0,0,0,0,0,0,0,0,237464,290050,0,78765,0,166260,221704,0,0,0,0,0,59,0,0,2021-02-24
307,泰罗奥特曼,72qkpqp,20,3,Jukk,1823123,0,0,0,0,0,0,0,0,0,0,0,0,0,0,429727,1392642,0,0,0,0,0,0,754,0,2021-02-24
308,泰罗奥特曼,72qkpqp,20,4,Jukk,2891781,1815068,593,267578,241720,170932,137392,143821,114672,0,0,0,0,0,0,0,0,0,0,0,0,0,0,0,0,2021-02-24
309,泰罗奥特曼,72qkpqp,20,5,Takedar,4440868,0,0,0,0,0,0,0,0,1599291,251697,210979,942761,0,209143,1113693,113098,0,0,0,0,202,0,0,0,2021-02-24
310,泰罗奥特曼,72qkpqp,20,6,Takedar,4502632,0,0,0,0,0,0,0,0,1722444,182618,162830,963822,0,238286,1134999,97594,0,0,0,0,34,0,0,0,2021-02-24
311,泰罗奥特曼,72qkpqp,20,7,Jukk,0,0,0,0,0,0,0,0,0,0,0,0,0,0,0,0,0,0,0,0,0,0,0,0,0,2021-02-24
312,玖念,rgyn7nx,16,0,Jukk,5420900,0,13105,0,0,0,0,0,0,3359360,0,0,338902,0,1210290,245819,253422,0,0,0,0,0,0,0,0,2021-02-24
313,玖念,rgyn7nx,16,1,Takedar,0,0,0,0,0,0,0,0,0,0,0,0,0,0,0,0,0,0,0,0,0,0,0,0,0,2021-02-24
314,玖念,rgyn7nx,16,2,Terro,3131838,0,0,0,0,0,0,0,0,0,3131838,0,0,0,0,0,0,0,0,0,0,0,0,0,0,2021-02-24
315,玖念,rgyn7nx,16,3,Jukk,1919291,70885,187761,292211,30945,247834,723600,280801,85250,0,0,0,0,0,0,0,0,0,0,0,0,0,0,0,0,2021-02-24
316,玖念,rgyn7nx,16,4,Jukk,5261904,3317892,1264,346675,49399,197659,114593,257451,16984,0,0,0,0,0,0,0,959983,0,0,0,0,0,0,0,0,2021-02-24
317,玖念,rgyn7nx,16,5,Takedar,0,0,0,0,0,0,0,0,0,0,0,0,0,0,0,0,0,0,0,0,0,0,0,0,0,2021-02-24
318,玖念,rgyn7nx,16,6,Takedar,5201489,0,0,0,0,0,0,0,0,325776,3549367,0,1164609,0,95406,54441,11749,0,0,0,0,0,49,0,88,2021-02-24
319,玖念,rgyn7nx,16,7,Jukk,0,0,0,0,0,0,0,0,0,0,0,0,0,0,0,0,0,0,0,0,0,0,0,0,0,2021-02-24
320,幽冥道,3nw4q8n,8,0,Jukk,0,0,0,0,0,0,0,0,0,0,0,0,0,0,0,0,0,0,0,0,0,0,0,0,0,2021-02-24
321,幽冥道,3nw4q8n,8,1,Takedar,10962814,2229763,612106,0,1416778,0,811151,0,0,0,0,0,0,0,0,0,5893013,0,0,0,0,0,0,0,0,2021-02-24
322,幽冥道,3nw4q8n,8,2,Terro,0,0,0,0,0,0,0,0,0,0,0,0,0,0,0,0,0,0,0,0,0,0,0,0,0,2021-02-24
323,幽冥道,3nw4q8n,8,3,Jukk,0,0,0,0,0,0,0,0,0,0,0,0,0,0,0,0,0,0,0,0,0,0,0,0,0,2021-02-24
324,幽冥道,3nw4q8n,8,4,Jukk,0,0,0,0,0,0,0,0,0,0,0,0,0,0,0,0,0,0,0,0,0,0,0,0,0,2021-02-24
325,幽冥道,3nw4q8n,8,5,Takedar,9471187,0,2517182,2985612,1329040,0,904390,0,0,0,0,0,0,1734960,0,0,0,0,0,0,0,0,0,0,0,2021-02-24
326,幽冥道,3nw4q8n,8,6,Takedar,0,0,0,0,0,0,0,0,0,0,0,0,0,0,0,0,0,0,0,0,0,0,0,0,0,2021-02-24
327,幽冥道,3nw4q8n,8,7,Jukk,0,0,0,0,0,0,0,0,0,0,0,0,0,0,0,0,0,0,0,0,0,0,0,0,0,2021-02-24
328,胖子小男孩,d2w2qe2,11,0,Jukk,0,0,0,0,0,0,0,0,0,0,0,0,0,0,0,0,0,0,0,0,0,0,0,0,0,2021-02-24
329,胖子小男孩,d2w2qe2,11,1,Takedar,3420049,2007261,0,443509,0,969278,0,0,0,0,0,0,0,0,0,0,0,0,0,0,0,0,0,0,0,2021-02-24
330,胖子小男孩,d2w2qe2,11,2,Terro,0,0,0,0,0,0,0,0,0,0,0,0,0,0,0,0,0,0,0,0,0,0,0,0,0,2021-02-24
331,胖子小男孩,d2w2qe2,11,3,Jukk,2190615,0,2282,0,0,0,0,0,0,2188333,0,0,0,0,0,0,0,0,0,0,0,0,0,0,0,2021-02-24
332,胖子小男孩,d2w2qe2,11,4,Jukk,0,0,0,0,0,0,0,0,0,0,0,0,0,0,0,0,0,0,0,0,0,0,0,0,0,2021-02-24
333,胖子小男孩,d2w2qe2,11,5,Takedar,6369615,0,0,0,0,0,0,0,0,2276483,1490748,0,1366511,0,1235872,0,0,0,0,0,0,0,0,0,0,2021-02-24
334,胖子小男孩,d2w2qe2,11,6,Takedar,0,0,0,0,0,0,0,0,0,0,0,0,0,0,0,0,0,0,0,0,0,0,0,0,0,2021-02-24
335,胖子小男孩,d2w2qe2,11,7,Jukk,6502557,0,0,0,0,0,0,0,0,5552758,0,394592,0,555206,0,0,0,0,0,0,0,0,0,0,0,2021-02-24
336,劍來,3239p74,9,0,Jukk,1760399,0,1984,0,0,0,0,0,0,599888,0,0,552138,0,283169,0,322886,0,0,0,0,0,332,0,0,2021-02-24
337,劍來,3239p74,9,1,Takedar,7673882,1248214,6102,0,0,0,0,712392,0,1268249,0,0,0,0,0,4438923,0,0,0,0,0,0,0,0,0,2021-02-24
338,劍來,3239p74,9,2,Terro,6996446,0,364031,42672,0,442520,0,3647720,151043,0,0,0,0,0,2348458,0,0,0,0,0,0,0,0,0,0,2021-02-24
339,劍來,3239p74,9,3,Jukk,1898849,0,1564,0,0,0,0,0,0,61454,0,588071,0,431892,0,381222,434644,0,0,0,0,0,0,0,0,2021-02-24
340,劍來,3239p74,9,4,Jukk,0,0,0,0,0,0,0,0,0,0,0,0,0,0,0,0,0,0,0,0,0,0,0,0,0,2021-02-24
341,劍來,3239p74,9,5,Takedar,0,0,0,0,0,0,0,0,0,0,0,0,0,0,0,0,0,0,0,0,0,0,0,0,0,2021-02-24
342,劍來,3239p74,9,6,Takedar,0,0,0,0,0,0,0,0,0,0,0,0,0,0,0,0,0,0,0,0,0,0,0,0,0,2021-02-24
343,劍來,3239p74,9,7,Jukk,0,0,0,0,0,0,0,0,0,0,0,0,0,0,0,0,0,0,0,0,0,0,0,0,0,2021-02-24
344,阿爸阿爸阿爸阿爸,y66xd7n,6,0,Jukk,0,0,0,0,0,0,0,0,0,0,0,0,0,0,0,0,0,0,0,0,0,0,0,0,0,2021-02-24
345,阿爸阿爸阿爸阿爸,y66xd7n,6,1,Takedar,0,0,0,0,0,0,0,0,0,0,0,0,0,0,0,0,0,0,0,0,0,0,0,0,0,2021-02-24
346,阿爸阿爸阿爸阿爸,y66xd7n,6,2,Terro,0,0,0,0,0,0,0,0,0,0,0,0,0,0,0,0,0,0,0,0,0,0,0,0,0,2021-02-24
347,阿爸阿爸阿爸阿爸,y66xd7n,6,3,Jukk,3667555,0,0,0,0,0,0,0,0,3667555,0,0,0,0,0,0,0,0,0,0,0,0,0,0,0,2021-02-24
348,阿爸阿爸阿爸阿爸,y66xd7n,6,4,Jukk,8989334,0,0,1319,0,1177060,1430,0,0,0,0,0,0,0,0,0,7809523,0,0,0,0,0,0,0,0,2021-02-24
349,阿爸阿爸阿爸阿爸,y66xd7n,6,5,Takedar,0,0,0,0,0,0,0,0,0,0,0,0,0,0,0,0,0,0,0,0,0,0,0,0,0,2021-02-24
350,阿爸阿爸阿爸阿爸,y66xd7n,6,6,Takedar,3894846,0,0,0,0,0,0,0,0,0,0,594,0,3894252,0,0,0,0,0,0,0,0,0,0,0,2021-02-24
351,阿爸阿爸阿爸阿爸,y66xd7n,6,7,Jukk,0,0,0,0,0,0,0,0,0,0,0,0,0,0,0,0,0,0,0,0,0,0,0,0,0,2021-02-24
352,星心,5kmw2m5,12,0,Jukk,0,0,0,0,0,0,0,0,0,0,0,0,0,0,0,0,0,0,0,0,0,0,0,0,0,2021-02-24
353,星心,5kmw2m5,12,1,Takedar,5356679,455305,457095,248349,212593,3384379,178562,245935,174458,0,0,0,0,0,0,0,0,0,0,0,0,0,0,0,0,2021-02-24
354,星心,5kmw2m5,12,2,Terro,0,0,0,0,0,0,0,0,0,0,0,0,0,0,0,0,0,0,0,0,0,0,0,0,0,2021-02-24
355,星心,5kmw2m5,12,3,Jukk,5357383,15687,487984,442120,2684659,46230,1240824,103501,126053,0,0,0,210321,0,0,0,0,0,0,0,0,0,0,0,0,2021-02-24
356,星心,5kmw2m5,12,4,Jukk,4994111,491242,7190,228401,274438,337689,287923,162533,3204692,0,0,0,0,0,0,0,0,0,0,0,0,0,0,0,0,2021-02-24
357,星心,5kmw2m5,12,5,Takedar,0,0,0,0,0,0,0,0,0,0,0,0,0,0,0,0,0,0,0,0,0,0,0,0,0,2021-02-24
358,星心,5kmw2m5,12,6,Takedar,0,0,0,0,0,0,0,0,0,0,0,0,0,0,0,0,0,0,0,0,0,0,0,0,0,2021-02-24
359,星心,5kmw2m5,12,7,Jukk,0,0,0,0,0,0,0,0,0,0,0,0,0,0,0,0,0,0,0,0,0,0,0,0,0,2021-02-24
360,简云,5r3rb43,8,0,Jukk,0,0,0,0,0,0,0,0,0,0,0,0,0,0,0,0,0,0,0,0,0,0,0,0,0,2021-02-24
361,简云,5r3rb43,8,1,Takedar,7050034,0,2885193,0,0,0,0,0,0,3024459,0,258711,189660,8268,169637,513143,0,0,0,0,0,60,0,880,20,2021-02-24
362,简云,5r3rb43,8,2,Terro,0,0,0,0,0,0,0,0,0,0,0,0,0,0,0,0,0,0,0,0,0,0,0,0,0,2021-02-24
363,简云,5r3rb43,8,3,Jukk,0,0,0,0,0,0,0,0,0,0,0,0,0,0,0,0,0,0,0,0,0,0,0,0,0,2021-02-24
364,简云,5r3rb43,8,4,Jukk,0,0,0,0,0,0,0,0,0,0,0,0,0,0,0,0,0,0,0,0,0,0,0,0,0,2021-02-24
365,简云,5r3rb43,8,5,Takedar,0,0,0,0,0,0,0,0,0,0,0,0,0,0,0,0,0,0,0,0,0,0,0,0,0,2021-02-24
366,简云,5r3rb43,8,6,Takedar,6977353,2074879,3832937,240395,167354,0,138939,180077,183498,0,0,0,0,159271,0,0,0,0,0,0,0,0,0,0,0,2021-02-24
367,简云,5r3rb43,8,7,Jukk,0,0,0,0,0,0,0,0,0,0,0,0,0,0,0,0,0,0,0,0,0,0,0,0,0,2021-02-24
368,王洋,459k745,6,0,Jukk,0,0,0,0,0,0,0,0,0,0,0,0,0,0,0,0,0,0,0,0,0,0,0,0,0,2021-02-24
369,王洋,459k745,6,1,Takedar,0,0,0,0,0,0,0,0,0,0,0,0,0,0,0,0,0,0,0,0,0,0,0,0,0,2021-02-24
370,王洋,459k745,6,2,Terro,0,0,0,0,0,0,0,0,0,0,0,0,0,0,0,0,0,0,0,0,0,0,0,0,0,2021-02-24
371,王洋,459k745,6,3,Jukk,11507399,3802822,161,0,0,126148,0,0,0,3075253,0,310074,2227179,0,1965759,0,0,0,0,0,0,0,0,0,0,2021-02-24
372,王洋,459k745,6,4,Jukk,1315779,0,20889,0,0,0,0,0,0,430805,0,243789,312773,129426,178094,0,0,0,0,0,0,0,0,0,0,2021-02-24
373,王洋,459k745,6,5,Takedar,0,0,0,0,0,0,0,0,0,0,0,0,0,0,0,0,0,0,0,0,0,0,0,0,0,2021-02-24
374,王洋,459k745,6,6,Takedar,0,0,0,0,0,0,0,0,0,0,0,0,0,0,0,0,0,0,0,0,0,0,0,0,0,2021-02-24
375,王洋,459k745,6,7,Jukk,0,0,0,0,0,0,0,0,0,0,0,0,0,0,0,0,0,0,0,0,0,0,0,0,0,2021-02-24
376,︺﹏︺,p5k6p4k,12,0,Jukk,0,0,0,0,0,0,0,0,0,0,0,0,0,0,0,0,0,0,0,0,0,0,0,0,0,2021-02-24
377,︺﹏︺,p5k6p4k,12,1,Takedar,3947250,247960,67731,152731,286057,92336,928143,0,0,0,0,0,0,0,0,147903,2024385,0,0,0,0,0,0,0,0,2021-02-24
378,︺﹏︺,p5k6p4k,12,2,Terro,0,0,0,0,0,0,0,0,0,0,0,0,0,0,0,0,0,0,0,0,0,0,0,0,0,2021-02-24
379,︺﹏︺,p5k6p4k,12,3,Jukk,0,0,0,0,0,0,0,0,0,0,0,0,0,0,0,0,0,0,0,0,0,0,0,0,0,2021-02-24
380,︺﹏︺,p5k6p4k,12,4,Jukk,2811122,0,34789,0,0,0,0,0,0,0,0,0,0,1489843,0,909218,376820,0,0,100,0,195,153,0,0,2021-02-24
381,︺﹏︺,p5k6p4k,12,5,Takedar,0,0,0,0,0,0,0,0,0,0,0,0,0,0,0,0,0,0,0,0,0,0,0,0,0,2021-02-24
382,︺﹏︺,p5k6p4k,12,6,Takedar,4509013,1868868,1097416,245958,256688,336277,233680,195905,274217,0,0,0,0,0,0,0,0,0,0,0,0,0,0,0,0,2021-02-24
383,︺﹏︺,p5k6p4k,12,7,Jukk,0,0,0,0,0,0,0,0,0,0,0,0,0,0,0,0,0,0,0,0,0,0,0,0,0,2021-02-24
384,Sam,5r33qw5,2,0,Jukk,0,0,0,0,0,0,0,0,0,0,0,0,0,0,0,0,0,0,0,0,0,0,0,0,0,2021-02-24
385,Sam,5r33qw5,2,1,Takedar,0,0,0,0,0,0,0,0,0,0,0,0,0,0,0,0,0,0,0,0,0,0,0,0,0,2021-02-24
386,Sam,5r33qw5,2,2,Terro,0,0,0,0,0,0,0,0,0,0,0,0,0,0,0,0,0,0,0,0,0,0,0,0,0,2021-02-24
387,Sam,5r33qw5,2,3,Jukk,0,0,0,0,0,0,0,0,0,0,0,0,0,0,0,0,0,0,0,0,0,0,0,0,0,2021-02-24
388,Sam,5r33qw5,2,4,Jukk,0,0,0,0,0,0,0,0,0,0,0,0,0,0,0,0,0,0,0,0,0,0,0,0,0,2021-02-24
389,Sam,5r33qw5,2,5,Takedar,0,0,0,0,0,0,0,0,0,0,0,0,0,0,0,0,0,0,0,0,0,0,0,0,0,2021-02-24
390,Sam,5r33qw5,2,6,Takedar,0,0,0,0,0,0,0,0,0,0,0,0,0,0,0,0,0,0,0,0,0,0,0,0,0,2021-02-24
391,Sam,5r33qw5,2,7,Jukk,5263880,5263880,0,0,0,0,0,0,0,0,0,0,0,0,0,0,0,0,0,0,0,0,0,0,0,2021-02-24
392,红薯就是我的命,de99k4r,0,0,Jukk,0,0,0,0,0,0,0,0,0,0,0,0,0,0,0,0,0,0,0,0,0,0,0,0,0,2021-02-24
393,红薯就是我的命,de99k4r,0,1,Takedar,0,0,0,0,0,0,0,0,0,0,0,0,0,0,0,0,0,0,0,0,0,0,0,0,0,2021-02-24
394,红薯就是我的命,de99k4r,0,2,Terro,0,0,0,0,0,0,0,0,0,0,0,0,0,0,0,0,0,0,0,0,0,0,0,0,0,2021-02-24
395,红薯就是我的命,de99k4r,0,3,Jukk,0,0,0,0,0,0,0,0,0,0,0,0,0,0,0,0,0,0,0,0,0,0,0,0,0,2021-02-24
396,红薯就是我的命,de99k4r,0,4,Jukk,0,0,0,0,0,0,0,0,0,0,0,0,0,0,0,0,0,0,0,0,0,0,0,0,0,2021-02-24
397,红薯就是我的命,de99k4r,0,5,Takedar,0,0,0,0,0,0,0,0,0,0,0,0,0,0,0,0,0,0,0,0,0,0,0,0,0,2021-02-24
398,红薯就是我的命,de99k4r,0,6,Takedar,0,0,0,0,0,0,0,0,0,0,0,0,0,0,0,0,0,0,0,0,0,0,0,0,0,2021-02-24
399,红薯就是我的命,de99k4r,0,7,Jukk,0,0,0,0,0,0,0,0,0,0,0,0,0,0,0,0,0,0,0,0,0,0,0,0,0,2021-02-24
